1 -> [385]
2 -> [155]
4 -> [163]
6 -> [444]
9 -> [271]
10 -> [383]
14 -> [375]
16 -> [280]
17 -> [298]
20 -> [200, 359, 414]
22 -> [231, 268]
24 -> [425]
25 -> [435]
26 -> [70]
27 -> [285]
28 -> [113]
30 -> [82, 90]
33 -> [64, 123, 363, 404]
34 -> [413]
35 -> [475]
36 -> [416]
37 -> [91, 405]
39 -> [287]
45 -> [237, 281]
46 -> [275]
47 -> [317, 393]
51 -> [219, 477]
55 -> [294]
59 -> [34, 261]
60 -> [236]
61 -> [142, 183, 187, 246, 283]
63 -> [382]
64 -> [135, 361]
66 -> [341, 403]
68 -> [36, 43]
69 -> [13]
71 -> [52]
72 -> [274]
73 -> [42, 460]
75 -> [161, 410]
76 -> [234, 447]
77 -> [232, 362]
80 -> [439]
81 -> [434]
83 -> [32]
85 -> [265, 338]
86 -> [19]
87 -> [351]
89 -> [172]
91 -> [208]
92 -> [278, 322]
93 -> [364]
95 -> [125]
97 -> [71]
102 -> [260, 470]
104 -> [4]
106 -> [3]
108 -> [152]
109 -> [170]
110 -> [302]
112 -> [191, 469]
114 -> [407]
115 -> [299]
116 -> [193, 358]
117 -> [41, 92]
119 -> [186]
121 -> [339]
127 -> [340, 387]
128 -> [68]
129 -> [23, 126, 203, 370, 399]
131 -> [428, 462]
132 -> [127]
133 -> [250]
134 -> [256]
135 -> [47]
139 -> [10, 122]
143 -> [136]
144 -> [79]
145 -> [39]
147 -> [95]
148 -> [72]
150 -> [86, 424]
154 -> [37]
155 -> [119, 149, 429]
157 -> [12, 28, 216]
158 -> [118]
159 -> [106]
161 -> [243]
162 -> [196]
164 -> [140, 229]
166 -> [128, 262, 288]
167 -> [157, 319]
169 -> [100, 145]
171 -> [94]
173 -> [51, 150, 195, 344]
175 -> [286]
176 -> [87]
177 -> [180]
183 -> [309, 320]
184 -> [269]
188 -> [449]
190 -> [433]
193 -> [112, 373]
194 -> [98, 214, 279]
195 -> [293]
196 -> [35]
197 -> [409]
199 -> [89, 453]
202 -> [426]
205 -> [160]
206 -> [325]
207 -> [48]
210 -> [267]
211 -> [50]
212 -> [427]
218 -> [450]
219 -> [104]
221 -> [379]
222 -> [96]
223 -> [120]
224 -> [133, 167, 230, 310]
226 -> [289]
227 -> [198]
229 -> [20]
230 -> [171]
237 -> [78, 116, 263]
238 -> [356]
239 -> [109]
240 -> [207]
241 -> [464]
243 -> [419]
244 -> [474, 478]
245 -> [25]
247 -> [65]
248 -> [49]
249 -> [233, 244]
251 -> [228, 380]
252 -> [188, 282]
253 -> [38]
254 -> [350, 436]
255 -> [441]
256 -> [346]
258 -> [395]
261 -> [290]
263 -> [138]
266 -> [367, 376, 461]
267 -> [223]
268 -> [168]
270 -> [101]
272 -> [182]
273 -> [371, 391]
277 -> [312]
278 -> [337]
280 -> [33]
281 -> [9, 277]
283 -> [345]
288 -> [189]
290 -> [305]
291 -> [331]
292 -> [57]
294 -> [110]
296 -> [88, 242]
297 -> [245]
298 -> [194]
301 -> [137]
304 -> [212]
305 -> [249]
310 -> [199]
311 -> [2]
312 -> [61]
317 -> [368]
318 -> [273]
320 -> [158]
322 -> [225]
324 -> [159]
328 -> [21, 255]
331 -> [11]
332 -> [169, 353]
333 -> [220]
334 -> [44, 329, 454]
335 -> [24, 54]
336 -> [8, 117]
338 -> [177]
342 -> [326]
344 -> [66]
345 -> [402]
346 -> [114]
349 -> [67]
352 -> [46, 360]
354 -> [224]
357 -> [59, 386]
361 -> [84, 442]
362 -> [430]
364 -> [85]
366 -> [248, 401]
367 -> [178, 366]
368 -> [251]
370 -> [328, 378]
371 -> [77, 192]
372 -> [164]
374 -> [144, 173]
375 -> [162]
378 -> [334, 476]
379 -> [143, 284]
380 -> [311]
382 -> [69, 258, 396]
383 -> [80]
384 -> [16, 17, 437]
387 -> [323]
389 -> [369]
392 -> [327]
394 -> [446]
395 -> [154]
396 -> [141, 374]
400 -> [56]
403 -> [115]
405 -> [472]
408 -> [211]
409 -> [238]
410 -> [102, 333]
411 -> [304]
412 -> [146]
417 -> [215]
419 -> [365, 440]
422 -> [451]
423 -> [130, 301]
424 -> [53]
425 -> [201]
428 -> [0, 467]
430 -> [421]
431 -> [457]
432 -> [342]
433 -> [473]
435 -> [411]
436 -> [204]
437 -> [466]
438 -> [205, 313]
442 -> [303]
444 -> [226]
445 -> [300, 417]
446 -> [132, 206, 412]
447 -> [218, 397, 448]
448 -> [202]
449 -> [74]
453 -> [240]
454 -> [357]
455 -> [479]
456 -> [55]
459 -> [15]
460 -> [40, 76]
461 -> [259]
465 -> [458]
468 -> [14]
471 -> [148]
473 -> [147]
474 -> [60, 111]
475 -> [73, 463]
476 -> [213]
477 -> [6]
479 -> [381]
481 -> [83]
482 -> [252, 324]
483 -> [332, 343]
484 -> [468]
485 -> [316]
486 -> [227]
487 -> [165]
490 -> [292, 349, 431]
491 -> [105, 197]
492 -> [153]
494 -> [75]
496 -> [185, 354]
497 -> [389, 398]
498 -> [264, 372]
499 -> [1, 7, 210]
500 -> [93, 99]
502 -> [217]
503 -> [390]
505 -> [257]
506 -> [471]
511 -> [151]
513 -> [209, 406]
517 -> [27]
518 -> [184]
519 -> [62, 321, 422]
520 -> [253, 295, 314, 392]
523 -> [175]
524 -> [335]
525 -> [166]
529 -> [31]
530 -> [352]
534 -> [254, 291, 307]
535 -> [318]
537 -> [174]
540 -> [134]
542 -> [131]
545 -> [330]
547 -> [179, 239]
548 -> [18, 465]
549 -> [221]
550 -> [432]
552 -> [297]
553 -> [139, 270, 308]
554 -> [456]
558 -> [384]
559 -> [235]
560 -> [241]
561 -> [306]
566 -> [438, 455]
567 -> [45]
571 -> [394]
577 -> [222]
578 -> [415]
579 -> [266, 347]
581 -> [452]
583 -> [247, 272]
586 -> [348, 400]
588 -> [97, 103, 121, 445]
592 -> [408]
593 -> [63]
594 -> [423]
595 -> [29]
598 -> [336]
599 -> [459]
600 -> [181, 276]
601 -> [420]
604 -> [443]
605 -> [81, 108]
606 -> [190]
607 -> [22, 315]
610 -> [5, 156]
613 -> [107, 388]
615 -> [418]
617 -> [129]
618 -> [58]
619 -> [176]
623 -> [26, 124, 355]
625 -> [296, 377]
626 -> [30]
